8 8
      1       1       2       9       8      10      11      18      17
      1       2       3       4       9      11      12      13      18
      1       9       4       5       6      18      13      14      15
      1       8       9       6       7      17      18      15      16
      1      10      11      18      17      19      20      27      26
      1      11      12      13      18      20      21      22      27
      1      18      13      14      15      27      22      23      24
      1      17      18      15      16      26      27      24      25
