  Quadrature on a hexahedron of order 3 on 8 points (dim 3)
IS Object: FE Test Cells 1 MPI process
  type: general
Number of indices in set 2
0 19
1 1
B:
 0:   7.1132e-01   1.0321e+00   7.7547e-01
 3:   1.0962e+00   9.0377e-01   1.2245e+00
 6:   9.6792e-01   1.2887e+00   1.7296e-01
 9:   2.3711e-01   2.3711e-01   3.0126e-01
12:   3.6541e-01   4.2956e-01   4.2956e-01
15:   4.9371e-01
D:
 0:   1.3459e-01   2.3481e-02   2.4570e-01
 3:   1.3459e-01   2.3481e-02   3.0985e-01
 6:   1.3459e-01   8.7631e-02   2.4570e-01
 9:   1.3459e-01   8.7631e-02   3.0985e-01
12:   1.9874e-01   2.3481e-02   2.4570e-01
15:   1.9874e-01   2.3481e-02   3.0985e-01
18:   1.9874e-01   8.7631e-02   2.4570e-01
21:   1.9874e-01   8.7631e-02   3.0985e-01
24:   1.3459e-01   2.3481e-02   2.3481e-02
27:   1.3459e-01   2.3481e-02   8.7631e-02
30:   1.3459e-01   8.7631e-02   2.3481e-02
33:   1.3459e-01   8.7631e-02   8.7631e-02
36:   1.9874e-01   2.3481e-02   2.3481e-02
39:   1.9874e-01   2.3481e-02   8.7631e-02
42:   1.9874e-01   8.7631e-02   2.3481e-02
45:   1.9874e-01   8.7631e-02   8.7631e-02
H:
 0:   5.5556e-02  -2.1684e-15  -4.8399e-16
 3:  -2.1684e-15   5.5556e-02   9.7752e-16
 6:  -4.8399e-16   9.7752e-16   5.5556e-02
 9:   5.5556e-02   2.5674e-16  -3.0531e-16
12:   2.5674e-16   5.5556e-02  -2.6298e-15
15:  -3.0531e-16  -2.6298e-15   5.5556e-02
18:   5.5556e-02  -9.9920e-16   3.8233e-15
21:  -9.9920e-16   5.5556e-02  -3.3099e-15
24:   3.8233e-15  -3.3099e-15   5.5556e-02
27:   5.5556e-02  -2.3315e-15  -2.9976e-15
30:  -2.3315e-15   5.5556e-02   3.8858e-15
33:  -2.9976e-15   3.8858e-15   5.5556e-02
36:   5.5556e-02   1.5694e-15  -1.7474e-15
39:   1.5694e-15   5.5556e-02   2.4293e-15
42:  -1.7474e-15   2.4293e-15   5.5556e-02
45:   5.5556e-02  -3.4261e-17   2.6298e-15
48:  -3.4261e-17   5.5556e-02  -2.7808e-15
51:   2.6298e-15  -2.7808e-15   5.5556e-02
54:   5.5556e-02  -7.1124e-17  -1.3665e-15
57:  -7.1124e-17   5.5556e-02  -3.8164e-16
60:  -1.3665e-15  -3.8164e-16   5.5556e-02
63:   5.5556e-02   1.0755e-15   1.9568e-15
66:   1.0755e-15   5.5556e-02   9.4369e-16
69:   1.9568e-15   9.4369e-16   5.5556e-02
72:   5.5556e-02  -6.4965e-16   1.5179e-17
75:  -6.4965e-16   5.5556e-02   5.8482e-16
78:   1.5179e-17   5.8482e-16   5.5556e-02
81:   5.5556e-02   6.0715e-17  -2.9143e-16
84:   6.0715e-17   5.5556e-02  -9.0032e-16
87:  -2.9143e-16  -9.0032e-16   5.5556e-02
90:   5.5556e-02  -4.0246e-16   1.4641e-15
93:  -4.0246e-16   5.5556e-02  -1.2369e-15
96:   1.4641e-15  -1.2369e-15   5.5556e-02
99:   5.5556e-02  -6.3838e-16  -1.1657e-15
102:  -6.3838e-16   5.5556e-02   1.4155e-15
105:  -1.1657e-15   1.4155e-15   5.5556e-02
108:   5.5556e-02   6.9909e-16  -6.7654e-16
111:   6.9909e-16   5.5556e-02   6.2466e-16
114:  -6.7654e-16   6.2466e-16   5.5556e-02
117:   5.5556e-02  -2.2768e-18   7.4029e-16
120:  -2.2768e-18   5.5556e-02  -8.4308e-16
123:   7.4029e-16  -8.4308e-16   5.5556e-02
126:   5.5556e-02  -3.7210e-16  -3.8739e-16
129:  -3.7210e-16   5.5556e-02   1.1536e-16
132:  -3.8739e-16   1.1536e-16   5.5556e-02
135:   5.5556e-02   1.9082e-16   4.1113e-16
138:   1.9082e-16   5.5556e-02   9.7145e-17
141:   4.1113e-16   9.7145e-17   5.5556e-02
rB:
 0:   7.1132e-01   1.0321e+00   7.7547e-01   1.0962e+00   9.0377e-01
 5:   1.2245e+00   9.6792e-01   1.2887e+00   1.7296e-01   2.3711e-01
10:   2.3711e-01   3.0126e-01   3.6541e-01   4.2956e-01   4.2956e-01
15:   4.9371e-01
rD:
 0:   1.3459e-01   2.3481e-02   2.4570e-01   1.3459e-01   2.3481e-02
 5:   3.0985e-01   1.3459e-01   8.7631e-02   2.4570e-01   1.3459e-01
10:   8.7631e-02   3.0985e-01   1.9874e-01   2.3481e-02   2.4570e-01
15:   1.9874e-01   2.3481e-02   3.0985e-01   1.9874e-01   8.7631e-02
20:   2.4570e-01   1.9874e-01   8.7631e-02   3.0985e-01   1.3459e-01
25:   2.3481e-02   2.3481e-02   1.3459e-01   2.3481e-02   8.7631e-02
30:   1.3459e-01   8.7631e-02   2.3481e-02   1.3459e-01   8.7631e-02
35:   8.7631e-02   1.9874e-01   2.3481e-02   2.3481e-02   1.9874e-01
40:   2.3481e-02   8.7631e-02   1.9874e-01   8.7631e-02   2.3481e-02
45:   1.9874e-01   8.7631e-02   8.7631e-02
rH:
 0:   5.5556e-02  -2.1684e-15  -4.8399e-16  -2.1684e-15   5.5556e-02
 5:   9.7752e-16  -4.8399e-16   9.7752e-16   5.5556e-02   5.5556e-02
10:   2.5674e-16  -3.0531e-16   2.5674e-16   5.5556e-02  -2.6298e-15
15:  -3.0531e-16  -2.6298e-15   5.5556e-02   5.5556e-02  -9.9920e-16
20:   3.8233e-15  -9.9920e-16   5.5556e-02  -3.3099e-15   3.8233e-15
25:  -3.3099e-15   5.5556e-02   5.5556e-02  -2.3315e-15  -2.9976e-15
30:  -2.3315e-15   5.5556e-02   3.8858e-15  -2.9976e-15   3.8858e-15
35:   5.5556e-02   5.5556e-02   1.5694e-15  -1.7474e-15   1.5694e-15
40:   5.5556e-02   2.4293e-15  -1.7474e-15   2.4293e-15   5.5556e-02
45:   5.5556e-02  -3.4261e-17   2.6298e-15  -3.4261e-17   5.5556e-02
50:  -2.7808e-15   2.6298e-15  -2.7808e-15   5.5556e-02   5.5556e-02
55:  -7.1124e-17  -1.3665e-15  -7.1124e-17   5.5556e-02  -3.8164e-16
60:  -1.3665e-15  -3.8164e-16   5.5556e-02   5.5556e-02   1.0755e-15
65:   1.9568e-15   1.0755e-15   5.5556e-02   9.4369e-16   1.9568e-15
70:   9.4369e-16   5.5556e-02   5.5556e-02  -6.4965e-16   1.5179e-17
75:  -6.4965e-16   5.5556e-02   5.8482e-16   1.5179e-17   5.8482e-16
80:   5.5556e-02   5.5556e-02   6.0715e-17  -2.9143e-16   6.0715e-17
85:   5.5556e-02  -9.0032e-16  -2.9143e-16  -9.0032e-16   5.5556e-02
90:   5.5556e-02  -4.0246e-16   1.4641e-15  -4.0246e-16   5.5556e-02
95:  -1.2369e-15   1.4641e-15  -1.2369e-15   5.5556e-02   5.5556e-02
100:  -6.3838e-16  -1.1657e-15  -6.3838e-16   5.5556e-02   1.4155e-15
105:  -1.1657e-15   1.4155e-15   5.5556e-02   5.5556e-02   6.9909e-16
110:  -6.7654e-16   6.9909e-16   5.5556e-02   6.2466e-16  -6.7654e-16
115:   6.2466e-16   5.5556e-02   5.5556e-02  -2.2768e-18   7.4029e-16
120:  -2.2768e-18   5.5556e-02  -8.4308e-16   7.4029e-16  -8.4308e-16
125:   5.5556e-02   5.5556e-02  -3.7210e-16  -3.8739e-16  -3.7210e-16
130:   5.5556e-02   1.1536e-16  -3.8739e-16   1.1536e-16   5.5556e-02
135:   5.5556e-02   1.9082e-16   4.1113e-16   1.9082e-16   5.5556e-02
140:   9.7145e-17   4.1113e-16   9.7145e-17   5.5556e-02
