8 8
      1       0       1       8       7       9      10      17      16
      1       1       2       3       8      10      11      12      17
      1       8       3       4       5      17      12      13      14
      1       7       8       5       6      16      17      14      15
      1       9      10      17      16      18      19      26      25
      1      10      11      12      17      19      20      21      26
      1      17      12      13      14      26      21      22      23
      1      16      17      14      15      25      26      23      24
