iter =   0, Function value -0.330579, Residual: 0.728961 
iter =   1, Function value -0.427745, Residual: 6.27654e-06 
