
---- Minimum Surface Area Problem -----
mx: 10     my: 8   

iter =   0, Function value 1.45591, Residual: 0.21372 
iter =   0, Function value 1.43469, Residual: 0.205909 
iter =   1, Function value 1.42037, Residual: 0.0766661 
iter =   2, Function value 1.41776, Residual: 0.00340719 
iter =   3, Function value 1.41775, Residual: 9.9108e-06 
