 uesr:              23225728           1           4           4           1           4           4           1           4           4           1           4           4           4           4           0   6.00000000000000     
 puesr:              23225728           1           4           4           1           4           4           1           4           4           1           4           4           4           4           0   6.00000000000000     
Number of Newton iterations =     4
