
---- Minimum Surface Area Problem -----
mx: 10     my: 8   

iter =   0, Function value 1.45591, Residual: 0.21372 
iter =   0, Function value 1.43469, Residual: 0.20591 
iter =   1, Function value 1.41938, Residual: 0.067911 
iter =   2, Function value 1.41779, Residual: 0.00947111 
iter =   3, Function value 1.41775, Residual: 0.000245333 
iter =   4, Function value 1.41775, Residual: < 1.0e-6 
