dim = 1	totalWeight = 1.000000, user->charges[species[0]] = -1.000000	totalCharge = -1.000000, Total Area = 12.566400
sigma: 0.0795773
(x0,v0,t0,m0,q0,phi0): (1.000000e+00, 1.000000e+00, 1.000000e+00, 1.000000e+00, 1.000000e+00, 0.000000e+00) - (P, V) = (1.000000e+00, 1.000000e+00)
