dim = 2	totalWeight = 12.566400, user->charges[species[0]] = -1.000000	totalCharge = -12.566400, Total Area = 12.566400
sigma: 1.
(x0,v0,t0,m0,q0,phi0): (1.000000e+00, 1.000000e+00, 1.000000e+00, 1.000000e+00, 1.000000e+00, 1.000000e+00) - (P, V) = (1.000000e+00, 1.000000e+00)
