dim = 3	totalWeight = 50.265601, user->charges[species[0]] = -1.000000	totalCharge = -50.265601, Total Area = 50.265600
sigma: 1.
(x0,v0,t0,m0,q0,phi0): (1.000000e+00, 1.000000e+00, 1.000000e+00, 1.000000e+00, 1.000000e+00, 1.000000e+00) - (P, V) = (1.000000e+00, 1.000000e+00)
