 ctxF%lambda =    3.1400000000000001     
 ctxF_pt%lambda =    3.1400000000000001     
