
---- Journal Bearing Problem SHB-----
mx: 8,  my: 12,  ecc: 0.1 

iter =   0, Function value 0., Residual: 0.558092 
iter =   1, Function value -0.148934, Residual: 0.469316 
iter =   2, Function value -0.183309, Residual: 0.0139509 
iter =   3, Function value -0.183437, Residual: 0.00043018 
iter =   4, Function value -0.183437, Residual: < 1.0e-6 
