E = 1., nu = 0.3
mu = 0.384615, lambda = 0.576923
alpha = 0.5, kappa = 1.
