PetscQuadrature Object: Test quadrature 1 MPI processes
  type not yet set
Quadrature on 8 points
  (-0.57735
, -0.57735
, -0.57735
) 1.
-0.57735
, -0.57735
, 0.57735
) 1.
-0.57735
, 0.57735
, -0.57735
) 1.
-0.57735
, 0.57735
, 0.57735
) 1.
0.57735
, -0.57735
, -0.57735
) 1.
0.57735
, -0.57735
, 0.57735
) 1.
0.57735
, 0.57735
, -0.57735
) 1.
0.57735
, 0.57735
, 0.57735
) 1.
IS Object: FE Test Cells 1 MPI processes
  type: general
Number of indices in set 2
0 19
1 1
B:
 0:   7.1132e-01   1.0321e+00   7.7547e-01
 3:   1.0962e+00   9.0377e-01   1.2245e+00
 6:   9.6792e-01   1.2887e+00   1.7296e-01
 9:   2.3711e-01   2.3711e-01   3.0126e-01
12:   3.6541e-01   4.2956e-01   4.2956e-01
15:   4.9371e-01
D:
 0:   1.3459e-01   2.3481e-02   2.4570e-01
 3:   1.3459e-01   2.3481e-02   3.0985e-01
 6:   1.3459e-01   8.7631e-02   2.4570e-01
 9:   1.3459e-01   8.7631e-02   3.0985e-01
12:   1.9874e-01   2.3481e-02   2.4570e-01
15:   1.9874e-01   2.3481e-02   3.0985e-01
18:   1.9874e-01   8.7631e-02   2.4570e-01
21:   1.9874e-01   8.7631e-02   3.0985e-01
24:   1.3459e-01   2.3481e-02   2.3481e-02
27:   1.3459e-01   2.3481e-02   8.7631e-02
30:   1.3459e-01   8.7631e-02   2.3481e-02
33:   1.3459e-01   8.7631e-02   8.7631e-02
36:   1.9874e-01   2.3481e-02   2.3481e-02
39:   1.9874e-01   2.3481e-02   8.7631e-02
42:   1.9874e-01   8.7631e-02   2.3481e-02
45:   1.9874e-01   8.7631e-02   8.7631e-02
H:
 0:   5.5556e-02  -9.7145e-17   2.2551e-17
 3:  -9.7145e-17   5.5556e-02   1.0625e-16
 6:   2.2551e-17   1.0625e-16   5.5556e-02
 9:   5.5556e-02  -2.9837e-16  -1.1102e-16
12:  -2.9837e-16   5.5556e-02  -1.5959e-16
15:  -1.1102e-16  -1.5959e-16   5.5556e-02
18:   5.5556e-02   2.4980e-16  -3.6776e-16
21:   2.4980e-16   5.5556e-02  -6.9389e-18
24:  -3.6776e-16  -6.9389e-18   5.5556e-02
27:   5.5556e-02   6.6613e-16   4.4409e-16
30:   6.6613e-16   5.5556e-02   4.4409e-16
33:   4.4409e-16   4.4409e-16   5.5556e-02
36:   5.5556e-02   2.9566e-16   2.2703e-16
39:   2.9566e-16   5.5556e-02  -4.2056e-16
42:   2.2703e-16  -4.2056e-16   5.5556e-02
45:   5.5556e-02   5.7376e-16   1.6306e-16
48:   5.7376e-16   5.5556e-02   1.3878e-16
51:   1.6306e-16   1.3878e-16   5.5556e-02
54:   5.5556e-02  -1.0408e-16   4.1286e-16
57:  -1.0408e-16   5.5556e-02   3.2439e-16
60:   4.1286e-16   3.2439e-16   5.5556e-02
63:   5.5556e-02  -5.5511e-16  -2.6368e-16
66:  -5.5511e-16   5.5556e-02  -1.3878e-16
69:  -2.6368e-16  -1.3878e-16   5.5556e-02
72:   5.5556e-02  -6.8955e-17  -7.3292e-17
75:  -6.8955e-17   5.5556e-02  -7.9906e-17
78:  -7.3292e-17  -7.9906e-17   5.5556e-02
81:   5.5556e-02  -2.1684e-16   6.9389e-18
84:  -2.1684e-16   5.5556e-02   1.7347e-18
87:   6.9389e-18   1.7347e-18   5.5556e-02
90:   5.5556e-02   1.5959e-16  -5.2042e-17
93:   1.5959e-16   5.5556e-02   6.5919e-17
96:  -5.2042e-17   6.5919e-17   5.5556e-02
99:   5.5556e-02   2.7756e-17   1.1102e-16
102:   2.7756e-17   5.5556e-02  -5.5511e-17
105:   1.1102e-16  -5.5511e-17   5.5556e-02
108:   5.5556e-02   1.0891e-16   1.8540e-17
111:   1.0891e-16   5.5556e-02  -1.4002e-16
114:   1.8540e-17  -1.4002e-16   5.5556e-02
117:   5.5556e-02   1.1276e-16  -1.2663e-16
120:   1.1276e-16   5.5556e-02   6.9389e-17
123:  -1.2663e-16   6.9389e-17   5.5556e-02
126:   5.5556e-02  -1.3921e-16   8.4026e-17
129:  -1.3921e-16   5.5556e-02   1.6046e-16
132:   8.4026e-17   1.6046e-16   5.5556e-02
135:   5.5556e-02  -1.3184e-16  -3.2960e-17
138:  -1.3184e-16   5.5556e-02  -9.7145e-17
141:  -3.2960e-17  -9.7145e-17   5.5556e-02
rB:
 0:   7.1132e-01   1.0321e+00   7.7547e-01   1.0962e+00   9.0377e-01
 5:   1.2245e+00   9.6792e-01   1.2887e+00   1.7296e-01   2.3711e-01
10:   2.3711e-01   3.0126e-01   3.6541e-01   4.2956e-01   4.2956e-01
15:   4.9371e-01
rD:
 0:   1.3459e-01   2.3481e-02   2.4570e-01   1.3459e-01   2.3481e-02
 5:   3.0985e-01   1.3459e-01   8.7631e-02   2.4570e-01   1.3459e-01
10:   8.7631e-02   3.0985e-01   1.9874e-01   2.3481e-02   2.4570e-01
15:   1.9874e-01   2.3481e-02   3.0985e-01   1.9874e-01   8.7631e-02
20:   2.4570e-01   1.9874e-01   8.7631e-02   3.0985e-01   1.3459e-01
25:   2.3481e-02   2.3481e-02   1.3459e-01   2.3481e-02   8.7631e-02
30:   1.3459e-01   8.7631e-02   2.3481e-02   1.3459e-01   8.7631e-02
35:   8.7631e-02   1.9874e-01   2.3481e-02   2.3481e-02   1.9874e-01
40:   2.3481e-02   8.7631e-02   1.9874e-01   8.7631e-02   2.3481e-02
45:   1.9874e-01   8.7631e-02   8.7631e-02
rH:
 0:   5.5556e-02  -9.7145e-17   2.2551e-17  -9.7145e-17   5.5556e-02
 5:   1.0625e-16   2.2551e-17   1.0625e-16   5.5556e-02   5.5556e-02
10:  -2.9837e-16  -1.1102e-16  -2.9837e-16   5.5556e-02  -1.5959e-16
15:  -1.1102e-16  -1.5959e-16   5.5556e-02   5.5556e-02   2.4980e-16
20:  -3.6776e-16   2.4980e-16   5.5556e-02  -6.9389e-18  -3.6776e-16
25:  -6.9389e-18   5.5556e-02   5.5556e-02   6.6613e-16   4.4409e-16
30:   6.6613e-16   5.5556e-02   4.4409e-16   4.4409e-16   4.4409e-16
35:   5.5556e-02   5.5556e-02   2.9566e-16   2.2703e-16   2.9566e-16
40:   5.5556e-02  -4.2056e-16   2.2703e-16  -4.2056e-16   5.5556e-02
45:   5.5556e-02   5.7376e-16   1.6306e-16   5.7376e-16   5.5556e-02
50:   1.3878e-16   1.6306e-16   1.3878e-16   5.5556e-02   5.5556e-02
55:  -1.0408e-16   4.1286e-16  -1.0408e-16   5.5556e-02   3.2439e-16
60:   4.1286e-16   3.2439e-16   5.5556e-02   5.5556e-02  -5.5511e-16
65:  -2.6368e-16  -5.5511e-16   5.5556e-02  -1.3878e-16  -2.6368e-16
70:  -1.3878e-16   5.5556e-02   5.5556e-02  -6.8955e-17  -7.3292e-17
75:  -6.8955e-17   5.5556e-02  -7.9906e-17  -7.3292e-17  -7.9906e-17
80:   5.5556e-02   5.5556e-02  -2.1684e-16   6.9389e-18  -2.1684e-16
85:   5.5556e-02   1.7347e-18   6.9389e-18   1.7347e-18   5.5556e-02
90:   5.5556e-02   1.5959e-16  -5.2042e-17   1.5959e-16   5.5556e-02
95:   6.5919e-17  -5.2042e-17   6.5919e-17   5.5556e-02   5.5556e-02
100:   2.7756e-17   1.1102e-16   2.7756e-17   5.5556e-02  -5.5511e-17
105:   1.1102e-16  -5.5511e-17   5.5556e-02   5.5556e-02   1.0891e-16
110:   1.8540e-17   1.0891e-16   5.5556e-02  -1.4002e-16   1.8540e-17
115:  -1.4002e-16   5.5556e-02   5.5556e-02   1.1276e-16  -1.2663e-16
120:   1.1276e-16   5.5556e-02   6.9389e-17  -1.2663e-16   6.9389e-17
125:   5.5556e-02   5.5556e-02  -1.3921e-16   8.4026e-17  -1.3921e-16
130:   5.5556e-02   1.6046e-16   8.4026e-17   1.6046e-16   5.5556e-02
135:   5.5556e-02  -1.3184e-16  -3.2960e-17  -1.3184e-16   5.5556e-02
140:  -9.7145e-17  -3.2960e-17  -9.7145e-17   5.5556e-02
