 EGADS WARNING: OpenCASCADE 7.5.0 NOT an Authorized Release!
  STEP Reader Info: Using millimetre
 Number of BODIES (nbodies): 1 

   BODY 0 TOPOLOGY SUMMARY 
      Number of SHELLS: 1 
      Number of FACES: 8 
      Number of LOOPS: 8 
      Number of EDGES: 20 
      Number of NODES: 6 

      BODY 0 TOPOLOGY DETAILS 
         SHELL ID: 1 :: sense = 1
           FACE ID: 1 :: sense = 1 
             GEOMETRY CLASS: SURFACE 
             GEOMETRY TYPE:  BSPLINE 

             RANGE (umin, umax) = (1.570796, 3.141593) 
                   (vmin, vmax) = (0.000000, 1.570796) 

             LOOP ID: 1 :: sense = 1
               EDGE ID: 1 :: sense = -1
                 GEOMETRY CLASS: CURVE 
                 GEOMETRY TYPE:  BSPLINE 
                 Peri = 0 :: Range = 0.000000, 1.570796, 0.000000, 0.000000 
                 NODE ID: 1 
                    (x, y, z) = (0.000000, 0.050000, 0.000000) 
                 NODE ID: 2 
                    (x, y, z) = (-0.000000, -0.000000, 0.050000) 
               EDGE ID: 2 :: sense = 1
                 GEOMETRY CLASS: CURVE 
                 GEOMETRY TYPE:  BSPLINE 
                 Peri = 0 :: Range = 1.570796, 3.141593, 0.000000, 0.000000 
                 NODE ID: 1 
                    (x, y, z) = (0.000000, 0.050000, 0.000000) 
                 NODE ID: 3 
                    (x, y, z) = (-0.075400, 0.000000, 0.000000) 
               EDGE ID: 3 :: sense = 1
                 GEOMETRY CLASS: CURVE 
                 GEOMETRY TYPE:  BSPLINE 
                 Peri = 0 :: Range = 0.000000, 1.570796, 0.000000, 0.000000 
                 NODE ID: 3 
                    (x, y, z) = (-0.075400, 0.000000, 0.000000) 
                 NODE ID: 2 
                    (x, y, z) = (-0.000000, -0.000000, 0.050000) 
               EDGE ID: 4 :: sense = -1
                 EDGE 4 is DEGENERATE 
                 Peri = 0 :: Range = 1.570796, 3.141593, 0.000000, 0.000000 
                 NODE ID: 2 
                    (x, y, z) = (-0.000000, -0.000000, 0.050000) 
           FACE ID: 2 :: sense = 1 
             GEOMETRY CLASS: SURFACE 
             GEOMETRY TYPE:  BSPLINE 

             RANGE (umin, umax) = (3.141593, 4.712389) 
                   (vmin, vmax) = (0.000000, 1.570796) 

             LOOP ID: 2 :: sense = 1
               EDGE ID: 3 :: sense = -1
                 GEOMETRY CLASS: CURVE 
                 GEOMETRY TYPE:  BSPLINE 
                 Peri = 0 :: Range = 0.000000, 1.570796, 0.000000, 0.000000 
                 NODE ID: 3 
                    (x, y, z) = (-0.075400, 0.000000, 0.000000) 
                 NODE ID: 2 
                    (x, y, z) = (-0.000000, -0.000000, 0.050000) 
               EDGE ID: 5 :: sense = 1
                 GEOMETRY CLASS: CURVE 
                 GEOMETRY TYPE:  BSPLINE 
                 Peri = 0 :: Range = 3.141593, 4.712389, 0.000000, 0.000000 
                 NODE ID: 3 
                    (x, y, z) = (-0.075400, 0.000000, 0.000000) 
                 NODE ID: 4 
                    (x, y, z) = (-0.000000, -0.050000, 0.000000) 
               EDGE ID: 6 :: sense = 1
                 GEOMETRY CLASS: CURVE 
                 GEOMETRY TYPE:  BSPLINE 
                 Peri = 0 :: Range = 0.000000, 1.570796, 0.000000, 0.000000 
                 NODE ID: 4 
                    (x, y, z) = (-0.000000, -0.050000, 0.000000) 
                 NODE ID: 2 
                    (x, y, z) = (-0.000000, -0.000000, 0.050000) 
               EDGE ID: 7 :: sense = -1
                 EDGE 7 is DEGENERATE 
                 Peri = 0 :: Range = 3.141593, 4.712389, 0.000000, 0.000000 
                 NODE ID: 2 
                    (x, y, z) = (-0.000000, -0.000000, 0.050000) 
           FACE ID: 3 :: sense = 1 
             GEOMETRY CLASS: SURFACE 
             GEOMETRY TYPE:  BSPLINE 

             RANGE (umin, umax) = (4.712389, 6.283185) 
                   (vmin, vmax) = (0.000000, 1.570796) 

             LOOP ID: 3 :: sense = 1
               EDGE ID: 6 :: sense = -1
                 GEOMETRY CLASS: CURVE 
                 GEOMETRY TYPE:  BSPLINE 
                 Peri = 0 :: Range = 0.000000, 1.570796, 0.000000, 0.000000 
                 NODE ID: 4 
                    (x, y, z) = (-0.000000, -0.050000, 0.000000) 
                 NODE ID: 2 
                    (x, y, z) = (-0.000000, -0.000000, 0.050000) 
               EDGE ID: 8 :: sense = 1
                 GEOMETRY CLASS: CURVE 
                 GEOMETRY TYPE:  BSPLINE 
                 Peri = 0 :: Range = 4.712389, 6.283185, 0.000000, 0.000000 
                 NODE ID: 4 
                    (x, y, z) = (-0.000000, -0.050000, 0.000000) 
                 NODE ID: 5 
                    (x, y, z) = (0.024600, -0.000000, 0.000000) 
               EDGE ID: 9 :: sense = 1
                 GEOMETRY CLASS: CURVE 
                 GEOMETRY TYPE:  BSPLINE 
                 Peri = 0 :: Range = 0.000000, 1.570796, 0.000000, 0.000000 
                 NODE ID: 5 
                    (x, y, z) = (0.024600, -0.000000, 0.000000) 
                 NODE ID: 2 
                    (x, y, z) = (-0.000000, -0.000000, 0.050000) 
               EDGE ID: 10 :: sense = -1
                 EDGE 10 is DEGENERATE 
                 Peri = 0 :: Range = 4.712389, 6.283185, 0.000000, 0.000000 
                 NODE ID: 2 
                    (x, y, z) = (-0.000000, -0.000000, 0.050000) 
           FACE ID: 4 :: sense = 1 
             GEOMETRY CLASS: SURFACE 
             GEOMETRY TYPE:  BSPLINE 

             RANGE (umin, umax) = (4.712389, 6.283185) 
                   (vmin, vmax) = (-1.570796, 0.000000) 

             LOOP ID: 4 :: sense = 1
               EDGE ID: 11 :: sense = -1
                 GEOMETRY CLASS: CURVE 
                 GEOMETRY TYPE:  BSPLINE 
                 Peri = 0 :: Range = -1.570796, 0.000000, 0.000000, 0.000000 
                 NODE ID: 6 
                    (x, y, z) = (-0.000000, -0.000000, -0.050000) 
                 NODE ID: 4 
                    (x, y, z) = (-0.000000, -0.050000, 0.000000) 
               EDGE ID: 12 :: sense = 1
                 EDGE 12 is DEGENERATE 
                 Peri = 0 :: Range = 4.712389, 6.283185, 0.000000, 0.000000 
                 NODE ID: 6 
                    (x, y, z) = (-0.000000, -0.000000, -0.050000) 
               EDGE ID: 13 :: sense = 1
                 GEOMETRY CLASS: CURVE 
                 GEOMETRY TYPE:  BSPLINE 
                 Peri = 0 :: Range = -1.570796, 0.000000, 0.000000, 0.000000 
                 NODE ID: 6 
                    (x, y, z) = (-0.000000, -0.000000, -0.050000) 
                 NODE ID: 5 
                    (x, y, z) = (0.024600, -0.000000, 0.000000) 
               EDGE ID: 8 :: sense = -1
                 GEOMETRY CLASS: CURVE 
                 GEOMETRY TYPE:  BSPLINE 
                 Peri = 0 :: Range = 4.712389, 6.283185, 0.000000, 0.000000 
                 NODE ID: 4 
                    (x, y, z) = (-0.000000, -0.050000, 0.000000) 
                 NODE ID: 5 
                    (x, y, z) = (0.024600, -0.000000, 0.000000) 
           FACE ID: 5 :: sense = 1 
             GEOMETRY CLASS: SURFACE 
             GEOMETRY TYPE:  BSPLINE 

             RANGE (umin, umax) = (1.570796, 3.141593) 
                   (vmin, vmax) = (-1.570796, 0.000000) 

             LOOP ID: 5 :: sense = 1
               EDGE ID: 14 :: sense = -1
                 GEOMETRY CLASS: CURVE 
                 GEOMETRY TYPE:  BSPLINE 
                 Peri = 0 :: Range = -1.570796, 0.000000, 0.000000, 0.000000 
                 NODE ID: 6 
                    (x, y, z) = (-0.000000, -0.000000, -0.050000) 
                 NODE ID: 1 
                    (x, y, z) = (0.000000, 0.050000, 0.000000) 
               EDGE ID: 15 :: sense = 1
                 EDGE 15 is DEGENERATE 
                 Peri = 0 :: Range = 1.570796, 3.141593, 0.000000, 0.000000 
                 NODE ID: 6 
                    (x, y, z) = (-0.000000, -0.000000, -0.050000) 
               EDGE ID: 16 :: sense = 1
                 GEOMETRY CLASS: CURVE 
                 GEOMETRY TYPE:  BSPLINE 
                 Peri = 0 :: Range = -1.570796, 0.000000, 0.000000, 0.000000 
                 NODE ID: 6 
                    (x, y, z) = (-0.000000, -0.000000, -0.050000) 
                 NODE ID: 3 
                    (x, y, z) = (-0.075400, 0.000000, 0.000000) 
               EDGE ID: 2 :: sense = -1
                 GEOMETRY CLASS: CURVE 
                 GEOMETRY TYPE:  BSPLINE 
                 Peri = 0 :: Range = 1.570796, 3.141593, 0.000000, 0.000000 
                 NODE ID: 1 
                    (x, y, z) = (0.000000, 0.050000, 0.000000) 
                 NODE ID: 3 
                    (x, y, z) = (-0.075400, 0.000000, 0.000000) 
           FACE ID: 6 :: sense = 1 
             GEOMETRY CLASS: SURFACE 
             GEOMETRY TYPE:  BSPLINE 

             RANGE (umin, umax) = (3.141593, 4.712389) 
                   (vmin, vmax) = (-1.570796, 0.000000) 

             LOOP ID: 6 :: sense = 1
               EDGE ID: 16 :: sense = -1
                 GEOMETRY CLASS: CURVE 
                 GEOMETRY TYPE:  BSPLINE 
                 Peri = 0 :: Range = -1.570796, 0.000000, 0.000000, 0.000000 
                 NODE ID: 6 
                    (x, y, z) = (-0.000000, -0.000000, -0.050000) 
                 NODE ID: 3 
                    (x, y, z) = (-0.075400, 0.000000, 0.000000) 
               EDGE ID: 17 :: sense = 1
                 EDGE 17 is DEGENERATE 
                 Peri = 0 :: Range = 3.141593, 4.712389, 0.000000, 0.000000 
                 NODE ID: 6 
                    (x, y, z) = (-0.000000, -0.000000, -0.050000) 
               EDGE ID: 11 :: sense = 1
                 GEOMETRY CLASS: CURVE 
                 GEOMETRY TYPE:  BSPLINE 
                 Peri = 0 :: Range = -1.570796, 0.000000, 0.000000, 0.000000 
                 NODE ID: 6 
                    (x, y, z) = (-0.000000, -0.000000, -0.050000) 
                 NODE ID: 4 
                    (x, y, z) = (-0.000000, -0.050000, 0.000000) 
               EDGE ID: 5 :: sense = -1
                 GEOMETRY CLASS: CURVE 
                 GEOMETRY TYPE:  BSPLINE 
                 Peri = 0 :: Range = 3.141593, 4.712389, 0.000000, 0.000000 
                 NODE ID: 3 
                    (x, y, z) = (-0.075400, 0.000000, 0.000000) 
                 NODE ID: 4 
                    (x, y, z) = (-0.000000, -0.050000, 0.000000) 
           FACE ID: 7 :: sense = 1 
             GEOMETRY CLASS: SURFACE 
             GEOMETRY TYPE:  BSPLINE 

             RANGE (umin, umax) = (0.000000, 1.570796) 
                   (vmin, vmax) = (-1.570796, 0.000000) 

             LOOP ID: 7 :: sense = 1
               EDGE ID: 13 :: sense = -1
                 GEOMETRY CLASS: CURVE 
                 GEOMETRY TYPE:  BSPLINE 
                 Peri = 0 :: Range = -1.570796, 0.000000, 0.000000, 0.000000 
                 NODE ID: 6 
                    (x, y, z) = (-0.000000, -0.000000, -0.050000) 
                 NODE ID: 5 
                    (x, y, z) = (0.024600, -0.000000, 0.000000) 
               EDGE ID: 18 :: sense = 1
                 EDGE 18 is DEGENERATE 
                 Peri = 0 :: Range = 0.000000, 1.570796, 0.000000, 0.000000 
                 NODE ID: 6 
                    (x, y, z) = (-0.000000, -0.000000, -0.050000) 
               EDGE ID: 14 :: sense = 1
                 GEOMETRY CLASS: CURVE 
                 GEOMETRY TYPE:  BSPLINE 
                 Peri = 0 :: Range = -1.570796, 0.000000, 0.000000, 0.000000 
                 NODE ID: 6 
                    (x, y, z) = (-0.000000, -0.000000, -0.050000) 
                 NODE ID: 1 
                    (x, y, z) = (0.000000, 0.050000, 0.000000) 
               EDGE ID: 19 :: sense = -1
                 GEOMETRY CLASS: CURVE 
                 GEOMETRY TYPE:  BSPLINE 
                 Peri = 0 :: Range = 0.000000, 1.570796, 0.000000, 0.000000 
                 NODE ID: 5 
                    (x, y, z) = (0.024600, -0.000000, 0.000000) 
                 NODE ID: 1 
                    (x, y, z) = (0.000000, 0.050000, 0.000000) 
           FACE ID: 8 :: sense = 1 
             GEOMETRY CLASS: SURFACE 
             GEOMETRY TYPE:  BSPLINE 

             RANGE (umin, umax) = (0.000000, 1.570796) 
                   (vmin, vmax) = (0.000000, 1.570796) 

             LOOP ID: 8 :: sense = 1
               EDGE ID: 9 :: sense = -1
                 GEOMETRY CLASS: CURVE 
                 GEOMETRY TYPE:  BSPLINE 
                 Peri = 0 :: Range = 0.000000, 1.570796, 0.000000, 0.000000 
                 NODE ID: 5 
                    (x, y, z) = (0.024600, -0.000000, 0.000000) 
                 NODE ID: 2 
                    (x, y, z) = (-0.000000, -0.000000, 0.050000) 
               EDGE ID: 19 :: sense = 1
                 GEOMETRY CLASS: CURVE 
                 GEOMETRY TYPE:  BSPLINE 
                 Peri = 0 :: Range = 0.000000, 1.570796, 0.000000, 0.000000 
                 NODE ID: 5 
                    (x, y, z) = (0.024600, -0.000000, 0.000000) 
                 NODE ID: 1 
                    (x, y, z) = (0.000000, 0.050000, 0.000000) 
               EDGE ID: 1 :: sense = 1
                 GEOMETRY CLASS: CURVE 
                 GEOMETRY TYPE:  BSPLINE 
                 Peri = 0 :: Range = 0.000000, 1.570796, 0.000000, 0.000000 
                 NODE ID: 1 
                    (x, y, z) = (0.000000, 0.050000, 0.000000) 
                 NODE ID: 2 
                    (x, y, z) = (-0.000000, -0.000000, 0.050000) 
               EDGE ID: 20 :: sense = -1
                 EDGE 20 is DEGENERATE 
                 Peri = 0 :: Range = 0.000000, 1.570796, 0.000000, 0.000000 
                 NODE ID: 2 
                    (x, y, z) = (-0.000000, -0.000000, 0.050000) 



 dmNozzle 
DM Object: EGADS 1 MPI process
  type: plex
EGADS in 2 dimensions:
  Number of 0-cells per rank: 26
  Number of 1-cells per rank: 72
  Number of 2-cells per rank: 48
Labels:
  celltype: 3 strata with value/size (0 (26), 3 (48), 1 (72))
  depth: 3 strata with value/size (0 (26), 1 (72), 2 (48))
  EGADS Body ID: 1 strata with value/size (0 (146))
  EGADS Face ID: 8 strata with value/size (1 (13), 2 (13), 3 (13), 4 (13), 5 (13), 6 (13), 7 (13), 8 (13))
  EGADS Edge ID: 12 strata with value/size (1 (3), 2 (3), 3 (3), 5 (3), 6 (3), 8 (3), 9 (3), 11 (3), 13 (3), 14 (3), 16 (3), 19 (3))
  EGADS Vertex ID: 6 strata with value/size (1 (1), 2 (1), 3 (1), 4 (1), 5 (1), 6 (1))

    dim = 2 
    Surface Area = 2.808270e-02 
           volume = 0.000450 
      surfaceArea = 0.029222 
              COG = [ -2.2600e-02, 1.0594e-18, -4.7085e-18 ] 
          COGsize = 3 
 inertiaMatrixCOG = | 4.4616e-07 	 3.8863e-23 	 1.3322e-23 | 
                    | 3.8863e-23 	 4.0948e-07 	 2.5643e-23 | 
                    | 1.3322e-23 	 2.5643e-23 	 3.8347e-07 | 
        IMCOGsize = 9 
           volume = 0.000447 
      surfaceArea = 0.029048 
              COG = [ -2.1625e-02, -8.2830e-19, -6.2714e-18 ] 
          COGsize = 3 
 inertiaMatrixCOG = | 4.3982e-07 	 4.8752e-23 	 2.8981e-25 | 
                    | 4.8752e-23 	 4.0555e-07 	 3.5569e-23 | 
                    | 2.8981e-25 	 3.5569e-23 	 3.8086e-07 | 
        IMCOGsize = 9 

*******************************************************************
******        Statistics on Transfer (Write)                 ******

*******************************************************************
******        Transfer Mode = 0  I.E.  As Is       ******
******        Transferring Shape, ShapeType = 2                      ******
** WorkSession : Sending all data
 Step File Name : newGeom_clean_1.stp(402 ents)  Write  Done
           volume = 0.000446 
      surfaceArea = 0.028901 
              COG = [ -2.0679e-02, -2.0201e-18, -1.9013e-18 ] 
          COGsize = 3 
 inertiaMatrixCOG = | 4.3433e-07 	 5.0044e-23 	 4.8949e-23 | 
                    | 5.0044e-23 	 4.0240e-07 	 1.6544e-24 | 
                    | 4.8949e-23 	 1.6544e-24 	 3.7894e-07 | 
        IMCOGsize = 9 

*******************************************************************
******        Statistics on Transfer (Write)                 ******

*******************************************************************
******        Transfer Mode = 0  I.E.  As Is       ******
******        Transferring Shape, ShapeType = 2                      ******
** WorkSession : Sending all data
 Step File Name : newGeom_clean_2.stp(402 ents)  Write  Done
           volume = 0.000444 
      surfaceArea = 0.028779 
              COG = [ -1.9765e-02, -1.9077e-18, -1.1923e-19 ] 
          COGsize = 3 
 inertiaMatrixCOG = | 4.2962e-07 	 2.1291e-23 	 1.7590e-23 | 
                    | 2.1291e-23 	 3.9994e-07 	 2.4815e-24 | 
                    | 1.7590e-23 	 2.4815e-24 	 3.7761e-07 | 
        IMCOGsize = 9 
           volume = 0.000443 
      surfaceArea = 0.028677 
              COG = [ -1.8881e-02, -3.5862e-18, -3.3471e-18 ] 
          COGsize = 3 
 inertiaMatrixCOG = | 4.2559e-07 	 3.8258e-23 	 2.0542e-23 | 
                    | 3.8258e-23 	 3.9808e-07 	 9.9262e-24 | 
                    | 2.0542e-23 	 9.9262e-24 	 3.7679e-07 | 
        IMCOGsize = 9 
           volume = 0.000442 
      surfaceArea = 0.028594 
              COG = [ -1.8028e-02, -4.5511e-18, -4.9104e-18 ] 
          COGsize = 3 
 inertiaMatrixCOG = | 4.2219e-07 	 2.8408e-23 	 3.1272e-23 | 
                    | 2.8408e-23 	 3.9673e-07 	 3.3087e-23 | 
                    | 3.1272e-23 	 3.3087e-23 	 3.7640e-07 | 
        IMCOGsize = 9 

*******************************************************************
******        Statistics on Transfer (Write)                 ******

*******************************************************************
******        Transfer Mode = 0  I.E.  As Is       ******
******        Transferring Shape, ShapeType = 2                      ******
** WorkSession : Sending all data
 Step File Name : newGeom_clean_5.stp(402 ents)  Write  Done
           volume = 0.000441 
      surfaceArea = 0.028527 
              COG = [ -1.7206e-02, -1.1992e-19, 8.3944e-19 ] 
          COGsize = 3 
 inertiaMatrixCOG = | 4.1935e-07 	 3.8961e-23 	 2.3402e-23 | 
                    | 3.8961e-23 	 3.9584e-07 	 -1.0753e-23 | 
                    | 2.3402e-23 	 -1.0753e-23 	 3.7640e-07 | 
        IMCOGsize = 9 
           volume = 0.000441 
      surfaceArea = 0.028475 
              COG = [ -1.6415e-02, -4.6804e-18, -5.5204e-18 ] 
          COGsize = 3 
 inertiaMatrixCOG = | 4.1700e-07 	 3.7200e-23 	 1.9295e-23 | 
                    | 3.7200e-23 	 3.9533e-07 	 -2.4815e-24 | 
                    | 1.9295e-23 	 -2.4815e-24 	 3.7672e-07 | 
        IMCOGsize = 9 
           volume = 0.000441 
      surfaceArea = 0.028436 
              COG = [ -1.5655e-02, -6.0022e-19, -1.4405e-18 ] 
          COGsize = 3 
 inertiaMatrixCOG = | 4.1510e-07 	 6.9491e-23 	 -8.0843e-25 | 
                    | 6.9491e-23 	 3.9515e-07 	 -3.5569e-23 | 
                    | -8.0843e-25 	 -3.5569e-23 	 3.7732e-07 | 
        IMCOGsize = 9 
           volume = 0.000441 
      surfaceArea = 0.028407 
              COG = [ -1.4924e-02, -4.5611e-18, -4.0810e-18 ] 
          COGsize = 3 
 inertiaMatrixCOG = | 4.1359e-07 	 2.8369e-23 	 -2.2768e-23 | 
                    | 2.8369e-23 	 3.9526e-07 	 -1.7371e-23 | 
                    | -2.2768e-23 	 -1.7371e-23 	 3.7815e-07 | 
        IMCOGsize = 9 
           volume = 0.000441 
      surfaceArea = 0.028389 
              COG = [ -1.4224e-02, -2.3995e-19, -5.2788e-18 ] 
          COGsize = 3 
 inertiaMatrixCOG = | 4.1243e-07 	 3.5420e-23 	 -2.2290e-23 | 
                    | 3.5420e-23 	 3.9561e-07 	 -8.2718e-24 | 
                    | -2.2290e-23 	 -8.2718e-24 	 3.7917e-07 | 
        IMCOGsize = 9 
           volume = 0.000442 
      surfaceArea = 0.028378 
              COG = [ -1.3552e-02, -2.3976e-18, -7.1929e-19 ] 
          COGsize = 3 
 inertiaMatrixCOG = | 4.1159e-07 	 4.3300e-23 	 1.5058e-23 | 
                    | 4.3300e-23 	 3.9616e-07 	 1.3235e-23 | 
                    | 1.5058e-23 	 1.3235e-23 	 3.8035e-07 | 
        IMCOGsize = 9 
           volume = 0.000442 
      surfaceArea = 0.028375 
              COG = [ -1.2909e-02, -2.3952e-19, -2.3952e-18 ] 
          COGsize = 3 
 inertiaMatrixCOG = | 4.1101e-07 	 4.1899e-23 	 2.7729e-23 | 
                    | 4.1899e-23 	 3.9689e-07 	 -4.9631e-24 | 
                    | 2.7729e-23 	 -4.9631e-24 	 3.8166e-07 | 
        IMCOGsize = 9 
           volume = 0.000443 
      surfaceArea = 0.028378 
              COG = [ -1.2293e-02, -2.8707e-18, -9.5689e-19 ] 
          COGsize = 3 
 inertiaMatrixCOG = | 4.1068e-07 	 2.8026e-23 	 5.2062e-24 | 
                    | 2.8026e-23 	 3.9776e-07 	 -1.4889e-23 | 
                    | 5.2062e-24 	 -1.4889e-23 	 3.8309e-07 | 
        IMCOGsize = 9 
           volume = 0.000443 
      surfaceArea = 0.028387 
              COG = [ -1.1704e-02, -3.8222e-18, -5.0166e-18 ] 
          COGsize = 3 
 inertiaMatrixCOG = | 4.1056e-07 	 5.4569e-23 	 1.6924e-23 | 
                    | 5.4569e-23 	 3.9875e-07 	 -8.2718e-24 | 
                    | 1.6924e-23 	 -8.2718e-24 	 3.8459e-07 | 
        IMCOGsize = 9 
           volume = 0.000444 
      surfaceArea = 0.028399 
              COG = [ -1.1141e-02, 2.1466e-18, -1.1926e-18 ] 
          COGsize = 3 
 inertiaMatrixCOG = | 4.1062e-07 	 5.9272e-24 	 7.5524e-24 | 
                    | 5.9272e-24 	 3.9984e-07 	 1.6544e-24 | 
                    | 7.5524e-24 	 1.6544e-24 	 3.8616e-07 | 
        IMCOGsize = 9 
           volume = 0.000445 
      surfaceArea = 0.028416 
              COG = [ -1.0603e-02, 1.1906e-18, -4.2861e-18 ] 
          COGsize = 3 
 inertiaMatrixCOG = | 4.1084e-07 	 4.2363e-23 	 -4.6074e-24 | 
                    | 4.2363e-23 	 4.0100e-07 	 6.6174e-24 | 
                    | -4.6074e-24 	 6.6174e-24 	 3.8779e-07 | 
        IMCOGsize = 9 
           volume = 0.000445 
      surfaceArea = 0.028436 
              COG = [ -1.0090e-02, -1.9016e-18, -4.0409e-18 ] 
          COGsize = 3 
 inertiaMatrixCOG = | 4.1120e-07 	 8.5465e-24 	 -1.1617e-23 | 
                    | 8.5465e-24 	 4.0223e-07 	 1.8198e-23 | 
                    | -1.1617e-23 	 1.8198e-23 	 3.8944e-07 | 
        IMCOGsize = 9 
           volume = 0.000446 
      surfaceArea = 0.028458 
              COG = [ -9.5999e-03, 2.3726e-19, 2.3726e-19 ] 
          COGsize = 3 
 inertiaMatrixCOG = | 4.1167e-07 	 5.3577e-23 	 -5.9795e-24 | 
                    | 5.3577e-23 	 4.0350e-07 	 1.8198e-23 | 
                    | -5.9795e-24 	 1.8198e-23 	 3.9112e-07 | 
        IMCOGsize = 9 
           volume = 0.000447 
      surfaceArea = 0.028483 
              COG = [ -9.1324e-03, -1.4209e-18, 0.0000e+00 ] 
          COGsize = 3 
 inertiaMatrixCOG = | 4.1225e-07 	 1.0765e-23 	 1.6544e-23 | 
                    | 1.0765e-23 	 4.0481e-07 	 -8.2718e-24 | 
                    | 1.6544e-23 	 -8.2718e-24 	 3.9280e-07 | 
        IMCOGsize = 9 
           volume = 0.000448 
      surfaceArea = 0.028509 
              COG = [ -8.6867e-03, -1.8909e-18, -5.6727e-18 ] 
          COGsize = 3 
 inertiaMatrixCOG = | 4.1291e-07 	 7.3579e-24 	 7.1845e-24 | 
                    | 7.3579e-24 	 4.0614e-07 	 4.9631e-24 | 
                    | 7.1845e-24 	 4.9631e-24 	 3.9449e-07 | 
        IMCOGsize = 9 

*******************************************************************
******        Statistics on Transfer (Write)                 ******

*******************************************************************
******        Transfer Mode = 0  I.E.  As Is       ******
******        Transferring Shape, ShapeType = 2                      ******
** WorkSession : Sending all data
 Step File Name : newGeom_clean_20.stp(402 ents)  Write  Done
           volume = 0.000449 
      surfaceArea = 0.028537 
              COG = [ -8.2618e-03, -1.1795e-18, -1.6513e-18 ] 
          COGsize = 3 
 inertiaMatrixCOG = | 4.1364e-07 	 1.4300e-23 	 2.2667e-23 | 
                    | 1.4300e-23 	 4.0748e-07 	 3.3087e-23 | 
                    | 2.2667e-23 	 3.3087e-23 	 3.9617e-07 | 
        IMCOGsize = 9 
           volume = 0.000450 
      surfaceArea = 0.028565 
              COG = [ -7.8569e-03, -4.7089e-19, -5.4152e-18 ] 
          COGsize = 3 
 inertiaMatrixCOG = | 4.1443e-07 	 4.9640e-23 	 -2.3735e-24 | 
                    | 4.9640e-23 	 4.0883e-07 	 1.1581e-23 | 
                    | -2.3735e-24 	 1.1581e-23 	 3.9784e-07 | 
        IMCOGsize = 9 
           volume = 0.000451 
      surfaceArea = 0.028595 
              COG = [ -7.4711e-03, -1.1749e-18, -2.5849e-18 ] 
          COGsize = 3 
 inertiaMatrixCOG = | 4.1526e-07 	 4.6969e-23 	 2.8554e-23 | 
                    | 4.6969e-23 	 4.1018e-07 	 3.3087e-24 | 
                    | 2.8554e-23 	 3.3087e-24 	 3.9948e-07 | 
        IMCOGsize = 9 
           volume = 0.000451 
      surfaceArea = 0.028625 
              COG = [ -7.1037e-03, -9.3814e-19, -3.7526e-18 ] 
          COGsize = 3 
 inertiaMatrixCOG = | 4.1613e-07 	 -1.9545e-24 	 -3.0979e-23 | 
                    | -1.9545e-24 	 4.1151e-07 	 1.1581e-23 | 
                    | -3.0979e-23 	 1.1581e-23 	 4.0111e-07 | 
        IMCOGsize = 9 
           volume = 0.000452 
      surfaceArea = 0.028655 
              COG = [ -6.7538e-03, 2.3409e-19, -7.0226e-19 ] 
          COGsize = 3 
 inertiaMatrixCOG = | 4.1703e-07 	 2.7409e-23 	 1.3726e-23 | 
                    | 2.7409e-23 	 4.1284e-07 	 1.8198e-23 | 
                    | 1.3726e-23 	 1.8198e-23 	 4.0270e-07 | 
        IMCOGsize = 9 
           volume = 0.000453 
      surfaceArea = 0.028685 
              COG = [ -6.4208e-03, -1.6355e-18, 1.6355e-18 ] 
          COGsize = 3 
 inertiaMatrixCOG = | 4.1794e-07 	 3.7846e-23 	 2.1711e-23 | 
                    | 3.7846e-23 	 4.1414e-07 	 3.3087e-24 | 
                    | 2.1711e-23 	 3.3087e-24 	 4.0426e-07 | 
        IMCOGsize = 9 
           volume = 0.000454 
      surfaceArea = 0.028715 
              COG = [ -6.1038e-03, -6.9964e-19, -5.1307e-18 ] 
          COGsize = 3 
 inertiaMatrixCOG = | 4.1887e-07 	 2.3445e-23 	 1.5872e-23 | 
                    | 2.3445e-23 	 4.1542e-07 	 -3.3087e-24 | 
                    | 1.5872e-23 	 -3.3087e-24 	 4.0578e-07 | 
        IMCOGsize = 9 
           volume = 0.000455 
      surfaceArea = 0.028745 
              COG = [ -5.8020e-03, -9.3117e-19, -4.1903e-18 ] 
          COGsize = 3 
 inertiaMatrixCOG = | 4.1981e-07 	 3.2236e-23 	 1.9329e-23 | 
                    | 3.2236e-23 	 4.1668e-07 	 -8.2718e-24 | 
                    | 1.9329e-23 	 -8.2718e-24 	 4.0727e-07 | 
        IMCOGsize = 9 
           volume = 0.000456 
      surfaceArea = 0.028775 
              COG = [ -5.5150e-03, -2.3238e-18, -2.7886e-18 ] 
          COGsize = 3 
 inertiaMatrixCOG = | 4.2075e-07 	 3.7272e-23 	 3.1822e-23 | 
                    | 3.7272e-23 	 4.1791e-07 	 1.3235e-23 | 
                    | 3.1822e-23 	 1.3235e-23 	 4.0872e-07 | 
        IMCOGsize = 9 
           volume = 0.000456 
      surfaceArea = 0.028804 
              COG = [ -5.2419e-03, 9.2791e-19, -2.5518e-18 ] 
          COGsize = 3 
 inertiaMatrixCOG = | 4.2169e-07 	 9.3605e-24 	 -1.8710e-23 | 
                    | 9.3605e-24 	 4.1911e-07 	 -3.4742e-23 | 
                    | -1.8710e-23 	 -3.4742e-23 	 4.1012e-07 | 
        IMCOGsize = 9 
           volume = 0.000457 
      surfaceArea = 0.028832 
              COG = [ -4.9821e-03, -2.7790e-18, -2.7790e-18 ] 
          COGsize = 3 
 inertiaMatrixCOG = | 4.2262e-07 	 4.6756e-24 	 7.9843e-24 | 
                    | 4.6756e-24 	 4.2029e-07 	 -1.3235e-23 | 
                    | 7.9843e-24 	 -1.3235e-23 	 4.1149e-07 | 
        IMCOGsize = 9 
           volume = 0.000458 
      surfaceArea = 0.028860 
              COG = [ -4.7349e-03, 2.3121e-19, -5.0866e-18 ] 
          COGsize = 3 
 inertiaMatrixCOG = | 4.2353e-07 	 4.4166e-23 	 -2.0404e-23 | 
                    | 4.4166e-23 	 4.2142e-07 	 -1.3235e-23 | 
                    | -2.0404e-23 	 -1.3235e-23 	 4.1281e-07 | 
        IMCOGsize = 9 
           volume = 0.000459 
      surfaceArea = 0.028888 
              COG = [ -4.4999e-03, 9.2337e-19, -6.9253e-19 ] 
          COGsize = 3 
 inertiaMatrixCOG = | 4.2444e-07 	 8.0204e-24 	 -3.5337e-24 | 
                    | 8.0204e-24 	 4.2253e-07 	 -6.6174e-24 | 
                    | -3.5337e-24 	 -6.6174e-24 	 4.1409e-07 | 
        IMCOGsize = 9 
           volume = 0.000459 
      surfaceArea = 0.028915 
              COG = [ -4.2764e-03, -3.2268e-18, -3.4573e-18 ] 
          COGsize = 3 
 inertiaMatrixCOG = | 4.2533e-07 	 1.6265e-23 	 1.7435e-25 | 
                    | 1.6265e-23 	 4.2360e-07 	 -1.1581e-23 | 
                    | 1.7435e-25 	 -1.1581e-23 	 4.1533e-07 | 
        IMCOGsize = 9 
           volume = 0.000460 
      surfaceArea = 0.028941 
              COG = [ -4.0639e-03, -5.7536e-18, -2.0713e-18 ] 
          COGsize = 3 
 inertiaMatrixCOG = | 4.2621e-07 	 4.5499e-23 	 1.7107e-23 | 
                    | 4.5499e-23 	 4.2464e-07 	 -1.1581e-23 | 
                    | 1.7107e-23 	 -1.1581e-23 	 4.1652e-07 | 
        IMCOGsize = 9 
           volume = 0.000461 
      surfaceArea = 0.028966 
              COG = [ -3.8619e-03, -3.4472e-18, 6.8945e-19 ] 
          COGsize = 3 
 inertiaMatrixCOG = | 4.2706e-07 	 1.9368e-23 	 -2.8810e-24 | 
                    | 1.9368e-23 	 4.2564e-07 	 3.1433e-23 | 
                    | -2.8810e-24 	 3.1433e-23 	 4.1767e-07 | 
        IMCOGsize = 9 
           volume = 0.000461 
      surfaceArea = 0.028990 
              COG = [ -3.6698e-03, -2.2950e-18, -1.6065e-18 ] 
          COGsize = 3 
 inertiaMatrixCOG = | 4.2790e-07 	 -1.0775e-24 	 7.6830e-24 | 
                    | -1.0775e-24 	 4.2661e-07 	 1.4889e-23 | 
                    | 7.6830e-24 	 1.4889e-23 	 4.1878e-07 | 
        IMCOGsize = 9 
           volume = 0.000462 
      surfaceArea = 0.029014 
              COG = [ -3.4872e-03, -5.7298e-18, -2.5211e-18 ] 
          COGsize = 3 
 inertiaMatrixCOG = | 4.2871e-07 	 4.8935e-23 	 -5.8647e-24 | 
                    | 4.8935e-23 	 4.2755e-07 	 -9.9262e-24 | 
                    | -5.8647e-24 	 -9.9262e-24 	 4.1985e-07 | 
        IMCOGsize = 9 
           volume = 0.000463 
      surfaceArea = 0.029037 
              COG = [ -3.3136e-03, -2.2890e-18, -3.6623e-18 ] 
          COGsize = 3 
 inertiaMatrixCOG = | 4.2950e-07 	 2.9978e-23 	 3.9591e-24 | 
                    | 2.9978e-23 	 4.2845e-07 	 -1.9852e-23 | 
                    | 3.9591e-24 	 -1.9852e-23 	 4.2088e-07 | 
        IMCOGsize = 9 
           volume = 0.000463 
      surfaceArea = 0.029060 
              COG = [ -3.1486e-03, -6.1725e-18, -1.6003e-18 ] 
          COGsize = 3 
 inertiaMatrixCOG = | 4.3027e-07 	 3.2162e-23 	 -4.2839e-24 | 
                    | 3.2162e-23 	 4.2932e-07 	 1.9852e-23 | 
                    | -4.2839e-24 	 1.9852e-23 	 4.2187e-07 | 
        IMCOGsize = 9 
           volume = 0.000464 
      surfaceArea = 0.029081 
              COG = [ -2.9917e-03, -2.0551e-18, -1.1417e-18 ] 
          COGsize = 3 
 inertiaMatrixCOG = | 4.3101e-07 	 7.8139e-24 	 1.8127e-23 | 
                    | 7.8139e-24 	 4.3015e-07 	 -6.6174e-24 | 
                    | 1.8127e-23 	 -6.6174e-24 	 4.2282e-07 | 
        IMCOGsize = 9 
           volume = 0.000464 
      surfaceArea = 0.029102 
              COG = [ -2.8427e-03, -2.9650e-18, -1.8246e-18 ] 
          COGsize = 3 
 inertiaMatrixCOG = | 4.3173e-07 	 -1.5940e-23 	 -7.5183e-24 | 
                    | -1.5940e-23 	 4.3096e-07 	 -9.9262e-24 | 
                    | -7.5183e-24 	 -9.9262e-24 	 4.2373e-07 | 
        IMCOGsize = 9 
           volume = 0.000465 
      surfaceArea = 0.029122 
              COG = [ -2.7010e-03, -2.9618e-18, -4.5566e-19 ] 
          COGsize = 3 
 inertiaMatrixCOG = | 4.3243e-07 	 2.0261e-23 	 -6.0455e-24 | 
                    | 2.0261e-23 	 4.3173e-07 	 -6.6174e-24 | 
                    | -6.0455e-24 	 -6.6174e-24 	 4.2461e-07 | 
        IMCOGsize = 9 
           volume = 0.000465 
      surfaceArea = 0.029141 
              COG = [ -2.5663e-03, -4.0966e-18, -3.1863e-18 ] 
          COGsize = 3 
 inertiaMatrixCOG = | 4.3311e-07 	 1.1508e-23 	 -9.4308e-24 | 
                    | 1.1508e-23 	 4.3247e-07 	 -1.3235e-23 | 
                    | -9.4308e-24 	 -1.3235e-23 	 4.2545e-07 | 
        IMCOGsize = 9 
           volume = 0.000466 
      surfaceArea = 0.029159 
              COG = [ -2.4384e-03, -4.5472e-18, -1.8189e-18 ] 
          COGsize = 3 
 inertiaMatrixCOG = | 4.3376e-07 	 1.8398e-23 	 -3.4331e-23 | 
                    | 1.8398e-23 	 4.3318e-07 	 -1.9852e-23 | 
                    | -3.4331e-23 	 -1.9852e-23 	 4.2625e-07 | 
        IMCOGsize = 9 
           volume = 0.000466 
      surfaceArea = 0.029177 
              COG = [ -2.3167e-03, -4.5428e-18, -1.8171e-18 ] 
          COGsize = 3 
 inertiaMatrixCOG = | 4.3438e-07 	 3.1376e-23 	 -2.1199e-23 | 
                    | 3.1376e-23 	 4.3386e-07 	 -1.3235e-23 | 
                    | -2.1199e-23 	 -1.3235e-23 	 4.2702e-07 | 
        IMCOGsize = 9 
           volume = 0.000467 
      surfaceArea = 0.029194 
              COG = [ -2.2012e-03, -2.2693e-18, -4.9924e-18 ] 
          COGsize = 3 
 inertiaMatrixCOG = | 4.3499e-07 	 2.5492e-23 	 -8.1076e-24 | 
                    | 2.5492e-23 	 4.3452e-07 	 -1.9852e-23 | 
                    | -8.1076e-24 	 -1.9852e-23 	 4.2776e-07 | 
        IMCOGsize = 9 
           volume = 0.000467 
      surfaceArea = 0.029211 
              COG = [ -2.0913e-03, -2.7207e-18, -4.9880e-18 ] 
          COGsize = 3 
 inertiaMatrixCOG = | 4.3557e-07 	 2.6572e-24 	 -1.7460e-24 | 
                    | 2.6572e-24 	 4.3514e-07 	 6.6174e-24 | 
                    | -1.7460e-24 	 6.6174e-24 	 4.2847e-07 | 
        IMCOGsize = 9 
           volume = 0.000467 
      surfaceArea = 0.029226 
              COG = [ -1.9870e-03, -4.0776e-18, -3.6246e-18 ] 
          COGsize = 3 
 inertiaMatrixCOG = | 4.3613e-07 	 -6.1393e-24 	 6.6748e-24 | 
                    | -6.1393e-24 	 4.3574e-07 	 6.6174e-24 | 
                    | 6.6748e-24 	 6.6174e-24 	 4.2914e-07 | 
        IMCOGsize = 9 
           volume = 0.000468 
      surfaceArea = 0.029241 
              COG = [ -1.8878e-03, -3.6216e-18, -4.5270e-18 ] 
          COGsize = 3 
 inertiaMatrixCOG = | 4.3667e-07 	 1.6433e-23 	 -9.2373e-24 | 
                    | 1.6433e-23 	 4.3632e-07 	 1.3235e-23 | 
                    | -9.2373e-24 	 1.3235e-23 	 4.2979e-07 | 
        IMCOGsize = 9 

*******************************************************************
******        Statistics on Transfer (Write)                 ******

*******************************************************************
******        Transfer Mode = 0  I.E.  As Is       ******
******        Transferring Shape, ShapeType = 2                      ******
** WorkSession : Sending all data
 Step File Name : newGeom_clean_50.stp(402 ents)  Write  Done
           volume = 0.000468 
      surfaceArea = 0.029256 
              COG = [ -1.7936e-03, -2.2618e-18, -3.1665e-18 ] 
          COGsize = 3 
 inertiaMatrixCOG = | 4.3718e-07 	 2.5060e-23 	 -3.9588e-24 | 
                    | 2.5060e-23 	 4.3687e-07 	 6.6174e-24 | 
                    | -3.9588e-24 	 6.6174e-24 	 4.3041e-07 | 
        IMCOGsize = 9 
           volume = 0.000468 
      surfaceArea = 0.029269 
              COG = [ -1.7040e-03, -2.2601e-18, -2.2601e-18 ] 
          COGsize = 3 
 inertiaMatrixCOG = | 4.3768e-07 	 -1.5045e-24 	 -3.7900e-23 | 
                    | -1.5045e-24 	 4.3739e-07 	 2.6470e-23 | 
                    | -3.7900e-23 	 2.6470e-23 	 4.3100e-07 | 
        IMCOGsize = 9 
           volume = 0.000469 
      surfaceArea = 0.029283 
              COG = [ -1.6190e-03, -1.8068e-18, -2.2585e-18 ] 
          COGsize = 3 
 inertiaMatrixCOG = | 4.3815e-07 	 4.6800e-24 	 -1.1521e-23 | 
                    | 4.6800e-24 	 4.3790e-07 	 -3.3087e-24 | 
                    | -1.1521e-23 	 -3.3087e-24 	 4.3156e-07 | 
        IMCOGsize = 9 
           volume = 0.000469 
      surfaceArea = 0.029295 
              COG = [ -1.5381e-03, -3.6111e-18, -9.0278e-19 ] 
          COGsize = 3 
 inertiaMatrixCOG = | 4.3861e-07 	 2.2458e-23 	 -9.2747e-24 | 
                    | 2.2458e-23 	 4.3838e-07 	 1.5294e-39 | 
                    | -9.2747e-24 	 1.5294e-39 	 4.3210e-07 | 
        IMCOGsize = 9 
           volume = 0.000469 
      surfaceArea = 0.029307 
              COG = [ -1.4613e-03, -4.9621e-18, -3.6088e-18 ] 
          COGsize = 3 
 inertiaMatrixCOG = | 4.3905e-07 	 2.9874e-23 	 2.4756e-24 | 
                    | 2.9874e-23 	 4.3884e-07 	 2.3161e-23 | 
                    | 2.4756e-24 	 2.3161e-23 	 4.3261e-07 | 
        IMCOGsize = 9 
           volume = 0.000470 
      surfaceArea = 0.029319 
              COG = [ -1.3883e-03, -2.7049e-18, -1.3525e-18 ] 
          COGsize = 3 
 inertiaMatrixCOG = | 4.3946e-07 	 1.1690e-23 	 1.0808e-23 | 
                    | 1.1690e-23 	 4.3927e-07 	 -3.3087e-24 | 
                    | 1.0808e-23 	 -3.3087e-24 	 4.3310e-07 | 
        IMCOGsize = 9 
           volume = 0.000470 
      surfaceArea = 0.029330 
              COG = [ -1.3190e-03, -3.6044e-18, -2.2528e-18 ] 
          COGsize = 3 
 inertiaMatrixCOG = | 4.3986e-07 	 5.1865e-23 	 1.4631e-23 | 
                    | 5.1865e-23 	 4.3969e-07 	 3.8164e-39 | 
                    | 1.4631e-23 	 3.8164e-39 	 4.3357e-07 | 
        IMCOGsize = 9 
           volume = 0.000470 
      surfaceArea = 0.029341 
              COG = [ -1.2531e-03, -4.0527e-18, -3.6024e-18 ] 
          COGsize = 3 
 inertiaMatrixCOG = | 4.4025e-07 	 2.3882e-24 	 -2.4347e-23 | 
                    | 2.3882e-24 	 4.4009e-07 	 3.3087e-24 | 
                    | -2.4347e-23 	 3.3087e-24 	 4.3402e-07 | 
        IMCOGsize = 9 
           volume = 0.000471 
      surfaceArea = 0.029351 
              COG = [ -1.1905e-03, -4.9507e-18, -2.2503e-18 ] 
          COGsize = 3 
 inertiaMatrixCOG = | 4.4061e-07 	 2.5934e-23 	 -1.1974e-23 | 
                    | 2.5934e-23 	 4.4047e-07 	 -3.3087e-24 | 
                    | -1.1974e-23 	 -3.3087e-24 	 4.3445e-07 | 
        IMCOGsize = 9 
           volume = 0.000471 
      surfaceArea = 0.029360 
              COG = [ -1.1310e-03, -3.1488e-18, -3.1488e-18 ] 
          COGsize = 3 
 inertiaMatrixCOG = | 4.4096e-07 	 3.8073e-23 	 -1.1558e-23 | 
                    | 3.8073e-23 	 4.4084e-07 	 3.3087e-24 | 
                    | -1.1558e-23 	 3.3087e-24 	 4.3485e-07 | 
        IMCOGsize = 9 
           volume = 0.000471 
      surfaceArea = 0.029369 
              COG = [ -1.0745e-03, -1.3488e-18, -1.7984e-18 ] 
          COGsize = 3 
 inertiaMatrixCOG = | 4.4130e-07 	 3.0461e-23 	 -9.0160e-24 | 
                    | 3.0461e-23 	 4.4119e-07 	 1.1425e-39 | 
                    | -9.0160e-24 	 1.1425e-39 	 4.3524e-07 | 
        IMCOGsize = 9 
           volume = 0.000471 
      surfaceArea = 0.029378 
              COG = [ -1.0209e-03, -8.9881e-19, -3.5952e-18 ] 
          COGsize = 3 
 inertiaMatrixCOG = | 4.4162e-07 	 5.6681e-23 	 -1.4814e-23 | 
                    | 5.6681e-23 	 4.4152e-07 	 1.3235e-23 | 
                    | -1.4814e-23 	 1.3235e-23 	 4.3561e-07 | 
        IMCOGsize = 9 
           volume = 0.000471 
      surfaceArea = 0.029387 
              COG = [ -9.6985e-04, -3.5936e-18, -1.3476e-18 ] 
          COGsize = 3 
 inertiaMatrixCOG = | 4.4192e-07 	 1.4878e-23 	 -1.2619e-23 | 
                    | 1.4878e-23 	 4.4183e-07 	 -9.9262e-24 | 
                    | -1.2619e-23 	 -9.9262e-24 	 4.3596e-07 | 
        IMCOGsize = 9 
           volume = 0.000472 
      surfaceArea = 0.029395 
              COG = [ -9.2139e-04, -6.2862e-18, -4.0411e-18 ] 
          COGsize = 3 
 inertiaMatrixCOG = | 4.4222e-07 	 2.9201e-23 	 -1.4788e-23 | 
                    | 2.9201e-23 	 4.4213e-07 	 -6.6174e-24 | 
                    | -1.4788e-23 	 -6.6174e-24 	 4.3630e-07 | 
        IMCOGsize = 9 
           volume = 0.000472 
      surfaceArea = 0.029402 
